111268
426833478360000000000067652426569182483693756411322463813357112
445735391470464272198041666845922387943688485175195899843628772
198284636360290000000000000000000000000000000000009717817541924
540000000000000000000032694732835241947662546390030713994696935
890143922430570869620027913786327965769686946903072044748433755
810974391470640489990017348781800000000499722063023503539495719
430885887160910718630086323666605989770000000000048550178258831
760000000000000000000028913774708626913717607970095467097191556
142487685790750900000000000000000041637964041940044838309274872
264287995480980062710083837423107059737690221460016981508492179
358130000000000000000000000000000000000000000000000008304936777
234740000000000000000000000000000#00000091869250012504409868752
175280008290000000000000000000000000000000000000000008309572675
833660009550989549510020215613664397176285183488361789603673695
253760006509337536340005291194739528886727612684411969409678421
716860003043211681120074216811651917913882676574638875404342567
542340000959375629290000000000000000000000000000000000008583648
761520000000000066400637275472973255968523889933345979536178229
978710000000000000000977651532422741621118416418139737237849814
954298736135314860888734292891439783981125883241286316281529595
744899194581525843639417154161997359251166785843831595588244894